8.79677164233489
78.9887625141404
67.2393244868894
63.6691744659583
64.2166150642178
66.054853556253
48.2527649651312
54.8358878030057
33.2468782478534
55.7641579445367
67.4242327744797
45.9349992538066
58.645167423111
61.8029194918578
44.1848504513543
61.0759263196006
21.1815678154067
-1.99534765941491
59.4246681118083
42.0369550637755
39.7202323181733
48.0307666928504
44.6946777951582
36.469676727326
-11.8542778952869
7.28228089665011
38.4581627973319
58.5021884922338
15.0706667635798
41.3777321368616
6.13108760058804
32.6184294341024
48.57323888941
35.361814146417
15.8082521168211
23.7824493261334
1.697937575739
-9.2732273646978
5.06347492460065
5.96265910450719
4.13049535293768
-5.0891228961879
26.0433259954387
-16.3952351095849
-2.69972045799939
-7.61625590810102
0.0387175033995861
8.57851419059697
2.58047974449526
-1.90735074811226
66.9700352671979
9.22393924172013
41.4738088451605
-3.05631681660351
17.0858076053644
59.6070708636718
32.8877247318511
17.4345963904102
71.7692165332739
25.9297882732561
-10.6838600294029
32.2877875250237
-4.97791916498819
-4.23968917027427
40.9513856000185
1.03221936049634
-1.75113135482436
1.9067227836593
15.1911323326156
58.4933443045546
22.0736400288002
24.1731747232461
54.5802008097808
18.6438544916022
4.66829513578414
5.25521355444574
-5.11355817920296
-8.0526268319524
53.505083186005
2.90510935526061
11.8374405573733
-2.12661403477038
25.4851233035822
30.4223070050489
45.0703326689793
52.5307980067606
3.77498058451505
13.7005189785781
40.957567714121
-3.60255001488411
-10.1269301392951
-3.37867769540669
-9.3577332156794
5.59570588566046
1.2874907446778
4.11989266959045
-11.2096312939369
9.99567428734973
5.59411111553712
1.5037751625879
17.0118011801418
-7.73979465028903
6.54700293047627
10.6844119995228
6.89254416663714
25.307527323705
9.86840248762991
2.05118367073524
-6.36446150502486
-5.03268186415017
16.9781563948524
-1.05944212336118
-0.529138442591677
-4.68652054740199
58.428732000046
-25.3203779594001
-3.8695922946133
-8.66436159479723
44.6554923229468
4.66732811692642
51.7465221963951
25.6439779196628
-0.317732183494563
63.4996772196496
-9.29315470340697
30.4261733630593
32.8202334643774
38.1029902378818
15.9308676751858
64.0425346510936
39.1937978658179
-9.70542892747249
46.4001318514265
21.7004273293787
8.20500599699389
-4.89901604221187
17.7777147431488
-2.52656218169254
-1.69809363224454
15.6637737707269
-6.85219801110838
-11.5675395423192
11.0068370020125
11.2073799814696
2.15142157864169
6.9668439163653
18.022405961607
16.7044778835457
0.714304296103947
15.0997207331854
34.5324737183209
46.1445743148462
-9.73305790890202
11.8697093888115
3.46377400700659
33.6643452668782
-4.92947502201808
-8.70514474779561
6.91586355268628
32.3786087519564
18.7902787729197
12.6170407032728
13.3330457914955
-1.88876752543159
-2.3632649711602
-10.0908677286849
42.3798062304673
30.8908112764392
13.4757203691572
-0.130641021522366
70.3663375447615
-4.68330310083602
40.3552990858362
64.5744231550736
28.620944798146
61.959858807086
20.4653513807679
11.4112463573186
70.4966028441966
45.9419779537925
68.0153624412341
62.7850225382851
11.6113941341713
41.7912281814212
59.5685720517817
-2.59965221779343
11.0302391278083
11.5203537811175
11.0549255051644
2.56219249118985
0.607279599580543
1.50411008581966
15.3354083406448
-15.730080714196
0.726968403523752
8.10378202689916
0.672289879410719
65.1722728500767
33.6868034997255
52.6169871173118
8.01363534650636
40.3181711808661
50.7012735224326
-2.31322710526139
21.014454835841
36.1387076390141
56.2166688052187
1.56451878387613
-6.51898504288659
8.32698590995241
-4.14271258590912
12.6063308981445
17.1584088458183
30.2312958527295
4.37799321723375
7.39517303110873
60.5902198493939
66.8087014376394
-10.6256484462796
18.7042384067016
25.1043732093164
19.3116406579616
17.0449851135426
0.572732059587441
11.2892112001917
3.36741527532328
28.7941660686898
-28.3298853928707
42.0627899769914
-1.46684533211225
0.626570931490807
7.85605372640549
17.8065153946521
25.3055476201722
68.8732784158513
7.57864632881486
4.18718740907473
-19.432642421699
-3.11246319791094
3.93996478716457
12.0237693330238
2.53725490666918
-3.82311721528042
5.66157818568223
-4.52334867553287
-4.20966563537669
-4.53735016358028
-9.29393648999156
4.29034870036689
-6.79950067342813
-0.656861376018336
-3.42421544353747
2.90214785259835
0.764610158681266
13.9329711264414
10.9030521757395
49.7907215505265
-12.6694673042825
-8.65803266396234
-11.6475241539089
33.2519575087392
16.3237481120358
8.3698096970426
-4.14240459346947
-4.86364385887416
12.4763950448046
23.4508398508243
-10.1334366132081
2.7060264013975
6.35707927246579
-12.1199717760327
15.4124566635258
3.45341082544514
25.7218083836386
2.89101267766228
5.69182082547355
-8.42428168121445
1.95136224363271
10.9127715008545
41.1257528129754
31.8183950434961
1.46358238159605
85.7637539156213
2.1563751947419
7.42107713303418
18.5625054082237
8.2028281636165
-2.76843397076756
-4.77103238887738
0.101256959559423
5.28331719953695
-1.25815207739937
3.00664133586186
17.4652847557265
4.48830712561622
4.35429949336864
-20.4152190603627
-5.14513104760749
-8.93272584055151
-2.06234650983644
39.4558635011787
17.832692753906
24.7849445190826
6.23115733030213
0.798038131143699
13.1751628323722
8.10159188823982
10.8525116001563
14.7827904531132
18.5969482658137
7.20363959609767
60.0846097813175
-6.20252376958568
-5.53595443143502
14.0145775266336
-6.69737610765752
-4.96818352822848
3.34686448131779
23.9077176753361
32.2555443341231
6.08299436246859
-6.18247210627779
73.3421595177913
61.6498817384502
61.5010125655069
-2.92068223401487
15.1404281822048
11.2914573451776
-10.160010849517
1.59740126989248
-1.50598603707587
61.0924794166566
51.6944715755385
3.10098345351324
-7.92913514300836
-1.43291921419398
39.2652685410545
23.0467317966905
-5.00519926169794
29.3741185238417
20.8607796250707
9.68507500217456
2.38793470676301
-0.786542707052074
13.3277057577803
-2.34605254222804
2.58117006865875
15.0361713672083
9.55944182163725
15.3674736305446
11.4473202794489
2.99102864484159
1.26151987900786
9.56367596233901
0.28809835992695
18.8665904286638
13.7070197070359
9.27721494673668
61.8322611456309
65.4561718747292
40.8667781833885
0.675633374879759
-9.56593934938276
26.5510229545677
12.4984605323831
-2.47911623091645
88.7733491205073
12.5095042074541
8.74203684446698
-1.37843798253388
-5.0493009609004
-10.8841403231106
1.3708046410157
-5.93102429190177
12.8775524497173
3.22371811486488
23.0899156918657
20.5058239519276
8.64010316907443
4.37236285494792
18.5216580794839
-4.46507632116703
13.7369869654178
-5.29112995372736
-0.00322700634663331
-4.91802427219058
7.15629016583151
-0.980935154208136
-5.03561202884666
12.12978301287
56.7657116216351
64.8158716484806
58.0811075805389
64.2954070797306
35.7555064387891
65.8586412807883
80.1356094249385
67.7928933984721
11.708965794585
4.60268713398671
6.60998079792441
9.44249546813347
7.56392884539718
-1.70468497619261
3.67747814337737
5.25224960455901
-0.00653419481012651
15.1683671141768
32.3834934138902
51.366657485196
62.8834026334331
-12.4237915336114
20.2250820960714
21.2991150001902
-14.6254297035808
26.6368447839214
40.1530154776238
3.8681897502142
14.9892920248474
3.87188752472257
29.9566581301284
34.5255787759549
7.98317724815553
-12.2706620837312
2.55007006626522
-2.68110011574821
-5.44753364521138
10.5230518546307
4.18188895083345
28.4662965570578
-0.558473931338235
38.5948433825852
18.4647500451602
19.5282141876426
12.2554098705796
11.4601648619598
13.5072602108368
2.78242121491095
11.48893027103
-1.59130520022908
-2.79868519999532
13.9474546125707
6.27453590828565
3.32879455158612
35.3172745500239
42.0769469191168
10.7293456987755
4.3455137402605
8.79784956482345
33.9122031184445
-0.744662439394157
13.2678171040289
15.889069509935
-3.74098583791872
51.8775842981169
5.83752452742385
3.36249637513541
-3.97600658709959
18.0766313489295
11.6702530904662
5.13905454236426
74.5702632391116
12.4747025114192
9.74202301151847
20.4184652204595
10.0046655807029
0.324406778302961
10.1301531452715
13.5725372549016
-6.04851638731612
-3.25868951744077
9.30683469747322
5.43428671341144
7.13089887878288
-7.20644804719149
-15.3380239579279
62.6120028186683
14.3330715170307
18.7205721592088
-13.3218960296576
-11.9685240472023
-12.5384649800853
2.5833692570355
-2.95507335128413
14.9415480877584
-11.9506658248224
-15.0234922059761
3.25304683292191
48.9293039852572
23.5717690169406
-9.4563642223797
0.306686468164393
-9.76446678253894
54.5734434604366
46.6838726599109
5.57738348381478
-12.0924490126272
1.63178178712502
32.7796770155363
23.3358213090433
16.7485175284107
7.02919284085523
32.2936207782942
-4.04735848409628
29.9173318966473
21.1256116072929
22.823829285828
14.5037599453729
6.1075227190337
1.33873860423597
9.44899650424278
-1.88154969805656
12.1452073164943
9.41841382645261
18.1930626903051
1.9413215442829
8.16139891402968
12.7317808138957
-2.98377114100747
2.76244844277549
18.9725391127757
3.12439710593741
4.11375065452972
5.96659609115151
4.44899169432331
11.0314360878379
34.6523487327715
2.41671770261314
11.8078942500721
16.823154643423
9.91874567380709
22.8838365704617
-13.6836196085276
1.9074318855509
4.55993201711949
-0.951729637832809
-5.55955163408218
13.1703508128059
12.9270150370727
7.89381155294881
10.5531612236846
-2.1056284205701
-2.17688378204225
5.33328182943847
0.12170864572141
17.7188087698142
24.8522474259891
-2.22230718469758
8.87448206700766
-2.74424717234166
14.7955459790412
-1.6914035582883
4.48715601272198
0.414066446394527
6.32015643736454
3.1135417110082
1.96011373733299
30.6909254131559
-1.10046193527348
0.53120600461807
29.2302551077173
-9.26690686179044
6.72998745466265
-3.76458409092499
15.9063958408679
4.4752981247621
7.72124811269931
4.21138883612178
9.45191593724021
21.5251347882158
-16.351015423474
-9.13290724921242
10.9546893697876
-0.147688518580145
-1.36348315406598
46.6308112355245
27.951655526723
2.95818454968798
10.9420183395104
-1.26485025359611
-3.01846780441972
-3.22666324280616
17.8188371725795
-3.08434712294864
24.9794268764347
-0.944366065079624
29.2825928008262
-1.78681807567465
16.9450096229557
17.5592925649271
3.40227276748647
10.2740032024315
9.5290557704124
-11.9904186908361
0.98290274532823
-15.3014932210345
2.90896920150578
70.6927470360131
41.9744140944479
25.2782860567075
59.867276633497
-14.7649075169974
49.6939930742667
20.4228074709257
56.1736903565275
63.626144806336
69.994514728624
11.2470715758572
14.7636692288331
60.2728444082621
57.8117629907195
62.4808862911292
49.5034402678365
74.2296061879913
61.6633168412962
67.2648084783393
